19 0.665195 0.565592 0.065672 0.062488
19 0.725453 0.580652 0.060188 0.066570
19 0.776164 0.600809 0.049609 0.042874
19 0.843547 0.605616 0.081187 0.068527
19 0.850398 0.573973 0.072703 0.034227
19 0.415102 0.523430 0.048953 0.049082
19 0.454070 0.524746 0.048859 0.050217
19 0.931742 0.621135 0.091078 0.071932
19 0.932313 0.582126 0.069781 0.035652
19 0.799117 0.537258 0.070297 0.019396
19 0.779062 0.567814 0.055875 0.026981
19 0.421906 0.492428 0.031531 0.023744
19 0.452094 0.490809 0.033656 0.021860
19 0.340438 0.504928 0.042750 0.052415
19 0.295953 0.452524 0.029563 0.021184
19 0.255391 0.477065 0.018188 0.030217
19 0.785828 0.557621 0.053250 0.026691
