19 0.435992 0.645692 0.052172 0.061103
19 0.556813 0.730634 0.049594 0.080516
19 0.622594 0.668521 0.062281 0.063099
19 0.736852 0.671150 0.051359 0.078592
19 0.304398 0.627042 0.036547 0.049155
19 0.076023 0.618650 0.051297 0.053263
19 0.087203 0.676608 0.059375 0.065516
19 0.740437 0.688850 0.024688 0.056150
19 0.449313 0.635528 0.065594 0.066362
19 0.469586 0.700869 0.046203 0.061080
19 0.304187 0.677336 0.051594 0.068944
19 0.243836 0.678075 0.051359 0.084883
19 0.230336 0.664871 0.025422 0.062136
