19 0.364109 0.255248 0.041219 0.046958
19 0.361477 0.321840 0.057703 0.030519
19 0.634969 0.221238 0.054531 0.041156
19 0.536930 0.164186 0.046859 0.042429
19 0.573977 0.110849 0.028547 0.019387
19 0.754453 0.244458 0.037937 0.046840
19 0.839656 0.153420 0.037250 0.039009
19 0.853406 0.174552 0.042406 0.029953
19 0.939180 0.291226 0.039484 0.054387
19 0.958422 0.256026 0.030500 0.034363
19 0.384609 0.245130 0.031594 0.046958
19 0.666602 0.212087 0.033922 0.033703
19 0.706016 0.127241 0.013000 0.028255
19 0.768133 0.107005 0.032078 0.030472
19 0.306125 0.143255 0.044562 0.038962
19 0.346617 0.146580 0.033859 0.031934
19 0.184828 0.208868 0.027344 0.032594
