19 0.502422 0.711469 0.591938 0.554854
19 0.810484 0.685667 0.379031 0.473125
19 0.918719 0.356333 0.161844 0.097792
19 0.490773 0.361510 0.323828 0.114104
19 0.393789 0.392979 0.437891 0.129917
19 0.083187 0.471115 0.165813 0.101729
19 0.155141 0.451542 0.308812 0.124500
19 0.151633 0.353948 0.275109 0.125188
19 0.886578 0.308896 0.226844 0.087125
19 0.167695 0.704490 0.335391 0.451688
19 0.887375 0.435969 0.224906 0.140938
19 0.980016 0.471302 0.039969 0.069896
19 0.728000 0.383479 0.258625 0.160542
