19 0.558734 0.341179 0.017313 0.014151
19 0.763125 0.711144 0.104250 0.139646
19 0.675562 0.709705 0.077219 0.137618
19 0.909266 0.724587 0.131688 0.133939
19 0.987852 0.707630 0.024297 0.135637
19 0.143977 0.699292 0.065328 0.165613
19 0.465797 0.335849 0.015969 0.013066
19 0.023453 0.482005 0.046906 0.034764
19 0.074781 0.698502 0.112875 0.168090
19 0.848281 0.712630 0.030500 0.128184
19 0.870047 0.407429 0.016125 0.016557
19 0.813625 0.375873 0.013219 0.018255
19 0.799453 0.376215 0.016281 0.017524
19 0.751898 0.401144 0.015078 0.017335
