19 0.559492 0.563521 0.013516 0.010875
19 0.520898 0.563042 0.014609 0.015917
19 0.501445 0.563562 0.010359 0.012792
19 0.373742 0.566375 0.015766 0.016208
19 0.348109 0.565083 0.016563 0.017417
19 0.128188 0.564396 0.015906 0.019667
19 0.702953 0.566969 0.016188 0.013437
19 0.261445 0.558625 0.009297 0.014917
19 0.127852 0.613313 0.030484 0.021500
19 0.209852 0.558781 0.014172 0.014229
19 0.571914 0.557917 0.010641 0.012667
19 0.444828 0.602177 0.011312 0.022062
19 0.306156 0.579000 0.016094 0.015500
