19 0.425992 0.585292 0.132016 0.209500
19 0.325734 0.533312 0.091625 0.160583
19 0.246148 0.503094 0.038516 0.074896
19 0.362648 0.465625 0.045297 0.035792
19 0.420836 0.495760 0.084766 0.063604
19 0.462906 0.494958 0.107781 0.074625
19 0.544406 0.584948 0.126469 0.178187
19 0.217367 0.502958 0.022047 0.058375
19 0.289758 0.487750 0.025266 0.065417
19 0.618016 0.583813 0.139063 0.194458
19 0.286359 0.437000 0.013906 0.014375
19 0.271945 0.493052 0.023922 0.066854
19 0.256656 0.451833 0.015031 0.021250
