19 0.868008 0.692882 0.221828 0.568965
19 0.660492 0.734412 0.192797 0.509671
19 0.444195 0.560729 0.139641 0.373600
19 0.522352 0.424706 0.098391 0.230776
19 0.711187 0.439929 0.134250 0.260235
19 0.434734 0.333318 0.077312 0.106071
19 0.759406 0.373506 0.123937 0.132894
19 0.635359 0.331824 0.050844 0.132165
19 0.557977 0.333129 0.065484 0.085741
19 0.892414 0.437235 0.173328 0.243929
19 0.551398 0.748882 0.100141 0.443224
19 0.645984 0.248482 0.031875 0.055506
19 0.737250 0.277847 0.057469 0.083553
