19 0.244203 0.967906 0.057219 0.056979
19 0.404656 0.876188 0.026406 0.029042
19 0.733742 0.970208 0.048172 0.057000
19 0.609109 0.974156 0.072594 0.035104
19 0.487500 0.944667 0.032094 0.051083
19 0.117953 0.961281 0.085531 0.053021
19 0.034859 0.907937 0.066625 0.038875
19 0.276586 0.933552 0.059828 0.055063
19 0.220875 0.913740 0.024094 0.053229
19 0.654734 0.912979 0.028187 0.037583
19 0.615672 0.877583 0.041438 0.037583
19 0.479219 0.975323 0.038969 0.018188
19 0.572023 0.917229 0.041391 0.027250
