19 0.559812 0.625446 0.047875 0.034624
19 0.436656 0.617981 0.020563 0.028774
19 0.408148 0.605279 0.025297 0.019694
19 0.515945 0.616602 0.038828 0.020557
19 0.276344 0.606309 0.030219 0.020808
19 0.148180 0.620209 0.034922 0.021421
19 0.181164 0.617618 0.033297 0.022033
19 0.598375 0.619331 0.034250 0.022786
19 0.474750 0.600460 0.015906 0.012451
19 0.395094 0.614708 0.020406 0.019777
19 0.355086 0.609234 0.029641 0.017799
19 0.238742 0.614847 0.032516 0.028189
19 0.717562 0.607799 0.024781 0.025961
