19 0.490703 0.587394 0.041844 0.075946
19 0.311352 0.576139 0.070359 0.097761
19 0.308086 0.541255 0.017328 0.050077
19 0.262008 0.591911 0.037391 0.056641
19 0.234906 0.601293 0.035500 0.072394
19 0.202203 0.584131 0.041531 0.064710
19 0.872109 0.548127 0.023375 0.075019
19 0.852016 0.555888 0.021531 0.065444
19 0.821016 0.567066 0.032156 0.059614
19 0.351656 0.565656 0.018063 0.056486
19 0.411195 0.562954 0.027828 0.059189
19 0.702852 0.576564 0.030547 0.082471
19 0.459289 0.543089 0.016391 0.044247
