19 0.740391 0.724738 0.268344 0.529036
19 0.880562 0.718278 0.238875 0.550551
19 0.459594 0.646956 0.150156 0.427300
19 0.811547 0.397741 0.208156 0.073939
19 0.606500 0.427686 0.155375 0.100496
19 0.376281 0.555399 0.066562 0.276860
19 0.333344 0.508719 0.054562 0.186474
19 0.291133 0.483912 0.027078 0.118953
19 0.263125 0.457755 0.017938 0.069725
19 0.858609 0.440413 0.282781 0.091350
19 0.822266 0.384298 0.214531 0.068926
19 0.623172 0.618182 0.197406 0.363636
19 0.406039 0.411915 0.106422 0.049780
