19 0.512172 0.747810 0.167156 0.468970
19 0.395773 0.679602 0.125328 0.284543
19 0.864766 0.748068 0.123125 0.472108
19 0.978102 0.684122 0.043797 0.342670
19 0.779984 0.664859 0.056344 0.313326
19 0.365180 0.556651 0.077547 0.098735
19 0.652836 0.522576 0.071734 0.068806
19 0.622641 0.460234 0.034187 0.033255
19 0.643367 0.483337 0.051547 0.047658
19 0.757117 0.543361 0.043328 0.155059
19 0.511516 0.483759 0.031938 0.059977
19 0.670648 0.703899 0.169828 0.415574
19 0.925031 0.711956 0.075906 0.417916
