19 0.218148 0.416077 0.127953 0.095902
19 0.502289 0.424684 0.036609 0.052927
19 0.537187 0.419110 0.041281 0.036300
19 0.599875 0.411148 0.067844 0.073536
19 0.741961 0.417131 0.061891 0.083864
19 0.815937 0.392237 0.042719 0.072014
19 0.245398 0.464625 0.171047 0.077073
19 0.065047 0.387998 0.094219 0.087330
19 0.892109 0.416241 0.041500 0.048126
19 0.771602 0.470749 0.070703 0.073536
19 0.647867 0.397436 0.045672 0.074871
19 0.947930 0.446756 0.062391 0.124660
19 0.453437 0.388162 0.083406 0.079742
