19 0.589583 0.627758 0.294083 0.516047
19 0.571323 0.155164 0.091354 0.087797
19 0.448021 0.339250 0.223083 0.124313
19 0.199552 0.275586 0.235937 0.086703
19 0.723937 0.416977 0.133167 0.068297
19 0.264010 0.637813 0.509229 0.483500
19 0.038208 0.260977 0.076417 0.126391
19 0.829844 0.587875 0.340312 0.350187
19 0.440302 0.405773 0.183688 0.046172
19 0.550073 0.304414 0.142937 0.171391
19 0.282542 0.336320 0.213125 0.083141
19 0.248146 0.295133 0.235167 0.073484
19 0.077573 0.387469 0.155146 0.148656
