19 0.612008 0.677324 0.032922 0.055117
19 0.648695 0.696690 0.019516 0.052441
19 0.910812 0.698815 0.043719 0.052934
19 0.866273 0.641174 0.038922 0.048826
19 0.826359 0.517160 0.028187 0.048263
19 0.796117 0.438826 0.029828 0.030235
19 0.810773 0.394754 0.042203 0.039272
19 0.666945 0.473122 0.029484 0.037418
19 0.722867 0.458181 0.030141 0.026127
19 0.820391 0.354108 0.041531 0.037840
19 0.869023 0.332300 0.040766 0.032160
19 0.818133 0.287899 0.034047 0.037441
19 0.571828 0.466761 0.037375 0.032254
19 0.623672 0.406185 0.041094 0.036174
19 0.554641 0.387242 0.032156 0.021244
19 0.617461 0.307876 0.020953 0.034577
19 0.929141 0.343286 0.026000 0.031831
19 0.598938 0.419742 0.015875 0.053991
