19 0.569094 0.732967 0.051844 0.040467
19 0.756406 0.753271 0.054094 0.053645
19 0.721617 0.725724 0.036672 0.034673
19 0.670742 0.734322 0.053078 0.040607
19 0.839898 0.710654 0.034109 0.025935
19 0.703039 0.724498 0.014984 0.031192
19 0.363992 0.712769 0.032391 0.029276
19 0.333766 0.731519 0.047406 0.037570
19 0.310219 0.715339 0.029656 0.024182
19 0.263289 0.718318 0.021891 0.025187
19 0.659602 0.711028 0.025703 0.016308
19 0.732844 0.703493 0.018406 0.012640
19 0.583453 0.693528 0.012781 0.015514
