19 0.495922 0.537405 0.016375 0.034701
19 0.808992 0.517432 0.023859 0.009049
19 0.963531 0.529891 0.032156 0.026848
19 0.988289 0.533981 0.023422 0.025462
19 0.685820 0.570380 0.060453 0.070489
19 0.922305 0.558872 0.056516 0.059538
19 0.400445 0.555068 0.056891 0.073071
19 0.275445 0.521495 0.029547 0.034239
19 0.356938 0.534959 0.031344 0.052745
19 0.243930 0.529715 0.048453 0.038940
19 0.207508 0.519946 0.024578 0.030435
19 0.730687 0.552582 0.014500 0.017935
19 0.305773 0.535367 0.026484 0.048397
