19 0.322883 0.943403 0.024891 0.044491
19 0.527844 0.972049 0.051281 0.051366
19 0.619328 0.958970 0.026094 0.035810
19 0.694688 0.959884 0.029250 0.050556
19 0.681109 0.926574 0.028000 0.026065
19 0.661906 0.960602 0.043938 0.050046
19 0.631641 0.941875 0.029937 0.042037
19 0.611492 0.882581 0.013641 0.024144
19 0.346164 0.911759 0.033922 0.026528
19 0.338359 0.939896 0.026188 0.044005
19 0.534648 0.943461 0.032922 0.026412
19 0.454773 0.897419 0.023516 0.029560
19 0.456977 0.796794 0.017859 0.026458
