0 0.036057692307692304 0.8497596153846154 0.07211538461538461 0.3004807692307692
0 0.15384615384615385 0.8221153846153846 0.14903846153846154 0.3557692307692308
0 0.4206730769230769 0.8629807692307693 0.32572115384615385 0.27283653846153844
0 0.8894230769230769 0.8521634615384616 0.22115384615384615 0.2956730769230769
0 0.7860576923076923 0.7487980769230769 0.23197115384615385 0.21875
0 0.11778846153846154 0.5540865384615384 0.03245192307692308 0.07091346153846154
0 0.07932692307692307 0.5600961538461539 0.057692307692307696 0.07091346153846154
0 0.16826923076923078 0.5516826923076923 0.07211538461538461 0.07692307692307693
0 0.23197115384615385 0.5516826923076923 0.03245192307692308 0.04927884615384615
0 0.36778846153846156 0.5685096153846154 0.046875 0.07692307692307693
0 0.2848557692307692 0.6177884615384616 0.06850961538461539 0.07091346153846154
0 0.40625 0.5384615384615384 0.057692307692307696 0.04927884615384615
0 0.4651442307692308 0.546875 0.036057692307692304 0.038461538461538464
0 0.43990384615384615 0.6117788461538461 0.0829326923076923 0.07692307692307693
0 0.5420673076923077 0.5661057692307693 0.06129807692307692 0.09254807692307693
0 0.6177884615384616 0.5769230769230769 0.0829326923076923 0.07091346153846154
0 0.8329326923076923 0.5733173076923077 0.054086538461538464 0.054086538461538464
0 0.8004807692307693 0.5685096153846154 0.06129807692307692 0.07692307692307693
0 0.9134615384615384 0.5661057692307693 0.05048076923076923 0.054086538461538464