0 0.9387019230769231 0.5420673076923077 0.08653846153846154 0.10697115384615384
0 0.7379807692307693 0.5300480769230769 0.05048076923076923 0.06009615384615385
0 0.84375 0.6959134615384616 0.10697115384615384 0.10697115384615384
0 0.6634615384615384 0.7560096153846154 0.052884615384615384 0.04807692307692308
0 0.5997596153846154 0.7439903846153846 0.10697115384615384 0.10096153846153846
0 0.6286057692307693 0.6899038461538461 0.0829326923076923 0.04807692307692308
0 0.5300480769230769 0.5444711538461539 0.05048076923076923 0.042067307692307696
0 0.5769230769230769 0.45552884615384615 0.09615384615384616 0.0829326923076923
0 0.5300480769230769 0.5504807692307693 0.06009615384615385 0.036057692307692304
0 0.48677884615384615 0.6165865384615384 0.1201923076923077 0.09495192307692307
0 0.40865384615384615 0.5805288461538461 0.0829326923076923 0.06009615384615385
0 0.4338942307692308 0.6550480769230769 0.1201923076923077 0.10697115384615384
0 0.49158653846153844 0.7055288461538461 0.039663461538461536 0.06490384615384616
0 0.3701923076923077 0.7139423076923077 0.10697115384615384 0.10697115384615384
0 0.27283653846153844 0.5769230769230769 0.09014423076923077 0.09495192307692307
0 0.22355769230769232 0.5480769230769231 0.09014423076923077 0.0829326923076923
0 0.35336538461538464 0.49158653846153844 0.09975961538461539 0.07091346153846154
0 0.28725961538461536 0.4855769230769231 0.08052884615384616 0.06490384615384616
0 0.4411057692307692 0.49158653846153844 0.10336538461538461 0.06490384615384616
0 0.47475961538461536 0.44350961538461536 0.037259615384615384 0.042067307692307696
0 0.41346153846153844 0.4230769230769231 0.06370192307692307 0.04807692307692308
0 0.12980769230769232 0.41346153846153844 0.0733173076923077 0.07091346153846154
0 0.05889423076923077 0.4014423076923077 0.056490384615384616 0.10697115384615384