0 0.11298076923076923 0.8221153846153846 0.1658653846153846 0.11658653846153846
0 0.25961538461538464 0.6610576923076923 0.037259615384615384 0.06490384615384616
0 0.3004807692307692 0.71875 0.04447115384615385 0.07572115384615384
0 0.3581730769230769 0.7487980769230769 0.09495192307692307 0.07572115384615384
0 0.45072115384615385 0.6430288461538461 0.037259615384615384 0.06490384615384616
0 0.65625 0.7307692307692307 0.078125 0.05889423076923077
0 0.6790865384615384 0.7776442307692307 0.0985576923076923 0.07572115384615384
0 0.7235576923076923 0.6634615384615384 0.027644230769230768 0.06490384615384616
0 0.796875 0.7019230769230769 0.08533653846153846 0.08173076923076923
0 0.8870192307692307 0.7367788461538461 0.08533653846153846 0.05889423076923077
0 0.8088942307692307 0.7692307692307693 0.0673076923076923 0.06971153846153846
0 0.8377403846153846 0.7920673076923077 0.06129807692307692 0.06971153846153846
0 0.9639423076923077 0.7716346153846154 0.07091346153846154 0.06971153846153846