0 0.25240384615384615 0.25721153846153844 0.046875 0.027644230769230768
0 0.15985576923076922 0.27283653846153844 0.06129807692307692 0.03245192307692308
0 0.04567307692307692 0.31971153846153844 0.05048076923076923 0.027644230769230768
0 0.05048076923076923 0.3581730769230769 0.06850961538461539 0.04326923076923077
0 0.21875 0.2956730769230769 0.054086538461538464 0.04326923076923077
0 0.34375 0.24278846153846154 0.039663461538461536 0.03245192307692308
0 0.39663461538461536 0.22956730769230768 0.028846153846153848 0.021634615384615384
0 0.390625 0.2620192307692308 0.04326923076923077 0.03245192307692308
0 0.44711538461538464 0.2512019230769231 0.021634615384615384 0.03245192307692308
0 0.47596153846153844 0.234375 0.039663461538461536 0.027644230769230768
0 0.5420673076923077 0.22956730769230768 0.039663461538461536 0.03245192307692308
0 0.5877403846153846 0.24278846153846154 0.039663461538461536 0.038461538461538464
0 0.6454326923076923 0.23197115384615385 0.03245192307692308 0.03245192307692308
0 0.6875 0.24278846153846154 0.05048076923076923 0.04326923076923077
0 0.8329326923076923 0.3112980769230769 0.05048076923076923 0.03245192307692308
0 0.8329326923076923 0.3473557692307692 0.057692307692307696 0.04927884615384615
0 0.8449519230769231 0.4567307692307692 0.0733173076923077 0.054086538461538464
0 0.7872596153846154 0.4567307692307692 0.03245192307692308 0.04927884615384615
0 0.7524038461538461 0.6310096153846154 0.33774038461538464 0.28966346153846156
0 0.6802884615384616 0.37740384615384615 0.06490384615384616 0.054086538461538464
0 0.6105769230769231 0.2980769230769231 0.05048076923076923 0.04326923076923077
0 0.5216346153846154 0.3004807692307692 0.028846153846153848 0.03245192307692308
0 0.5096153846153846 0.3473557692307692 0.028846153846153848 0.03245192307692308
0 0.47115384615384615 0.3473557692307692 0.028846153846153848 0.038461538461538464
0 0.3449519230769231 0.30288461538461536 0.039663461538461536 0.03245192307692308
0 0.33413461538461536 0.34134615384615385 0.03245192307692308 0.038461538461538464
0 0.12379807692307693 0.4338942307692308 0.03245192307692308 0.054086538461538464
0 0.10576923076923077 0.49158653846153844 0.0733173076923077 0.04927884615384615
0 0.17067307692307693 0.4567307692307692 0.054086538461538464 0.04927884615384615
0 0.17067307692307693 0.5216346153846154 0.046875 0.04326923076923077
0 0.30408653846153844 0.4831730769230769 0.07692307692307693 0.054086538461538464
0 0.40024038461538464 0.5060096153846154 0.06129807692307692 0.06610576923076923
0 0.44711538461538464 0.49399038461538464 0.04326923076923077 0.04326923076923077
0 0.47475961538461536 0.5817307692307693 0.09495192307692307 0.07091346153846154
0 0.49038461538461536 0.43990384615384615 0.057692307692307696 0.04326923076923077
0 0.5600961538461539 0.4230769230769231 0.06490384615384616 0.054086538461538464