0 0.7908653846153846 0.7151442307692307 0.22235576923076922 0.2692307692307692
0 0.5504807692307693 0.7175480769230769 0.15504807692307693 0.1346153846153846
0 0.8076923076923077 0.4651442307692308 0.078125 0.08653846153846154
0 0.7127403846153846 0.4735576923076923 0.07091346153846154 0.08653846153846154
0 0.6165865384615384 0.4699519230769231 0.055288461538461536 0.07572115384615384
0 0.4483173076923077 0.5757211538461539 0.04807692307692308 0.09735576923076923
0 0.4182692307692308 0.5240384615384616 0.11899038461538461 0.08653846153846154
0 0.36538461538461536 0.6286057692307693 0.10697115384615384 0.12860576923076922
0 0.49399038461538464 0.4699519230769231 0.09254807692307693 0.08052884615384616
0 0.29447115384615385 0.4807692307692308 0.07451923076923077 0.09134615384615384
0 0.08653846153846154 0.4699519230769231 0.07091346153846154 0.10216346153846154