0 0.12379807692307693 0.5396634615384616 0.09975961538461539 0.14903846153846154
0 0.0673076923076923 0.5264423076923077 0.07932692307692307 0.13822115384615385
0 0.03245192307692308 0.47836538461538464 0.06490384615384616 0.20192307692307693
0 0.11778846153846154 0.38461538461538464 0.11057692307692307 0.11538461538461539
0 0.21394230769230768 0.5288461538461539 0.09975961538461539 0.18389423076923078
0 0.24639423076923078 0.41346153846153844 0.1346153846153846 0.18990384615384615
0 0.37740384615384615 0.49399038461538464 0.3245192307692308 0.4483173076923077
0 0.41225961538461536 0.5516826923076923 0.25841346153846156 0.4651442307692308
0 0.578125 0.421875 0.21033653846153846 0.3161057692307692
0 0.671875 0.6574519230769231 0.24519230769230768 0.5973557692307693
0 0.8425480769230769 0.5060096153846154 0.27283653846153844 0.5228365384615384