0 0.07692307692307693 0.37740384615384615 0.05048076923076923 0.04927884615384615
0 0.20552884615384615 0.24879807692307693 0.039663461538461536 0.03245192307692308
0 0.28966346153846156 0.22115384615384615 0.028846153846153848 0.027644230769230768
0 0.36778846153846156 0.22956730769230768 0.03245192307692308 0.04326923076923077
0 0.40384615384615385 0.26802884615384615 0.039663461538461536 0.04927884615384615
0 0.44350961538461536 0.26802884615384615 0.03245192307692308 0.03245192307692308
0 0.47115384615384615 0.26802884615384615 0.028846153846153848 0.027644230769230768
0 0.5096153846153846 0.2764423076923077 0.039663461538461536 0.03245192307692308
0 0.4639423076923077 0.22115384615384615 0.025240384615384616 0.027644230769230768
0 0.4855769230769231 0.2403846153846154 0.036057692307692304 0.027644230769230768
0 0.6069711538461539 0.22355769230769232 0.028846153846153848 0.021634615384615384
0 0.546875 0.34134615384615385 0.054086538461538464 0.04927884615384615
0 0.6442307692307693 0.21875 0.025240384615384616 0.021634615384615384
0 0.6670673076923077 0.22355769230769232 0.028846153846153848 0.027644230769230768
0 0.6838942307692307 0.23197115384615385 0.028846153846153848 0.027644230769230768
0 0.6959134615384616 0.21875 0.025240384615384616 0.027644230769230768
0 0.7668269230769231 0.25721153846153844 0.028846153846153848 0.038461538461538464
0 0.8557692307692307 0.16947115384615385 0.025240384615384616 0.027644230769230768
0 0.9050480769230769 0.16947115384615385 0.021634615384615384 0.027644230769230768
0 0.8858173076923077 0.22716346153846154 0.036057692307692304 0.03245192307692308
0 0.9795673076923077 0.18629807692307693 0.010817307692307692 0.027644230769230768
0 0.953125 0.3004807692307692 0.05048076923076923 0.06009615384615385
0 0.9002403846153846 0.41225961538461536 0.09134615384615384 0.0985576923076923
0 0.19831730769230768 0.5600961538461539 0.15625 0.16346153846153846
0 0.35216346153846156 0.5733173076923077 0.15625 0.15865384615384615
0 0.5600961538461539 0.6009615384615384 0.14182692307692307 0.1971153846153846
0 0.6057692307692307 0.6694711538461539 0.23677884615384615 0.2512019230769231
0 0.8269230769230769 0.5360576923076923 0.1778846153846154 0.15865384615384615