0 0.1502403846153846 0.6634615384615384 0.25721153846153844 0.3557692307692308
0 0.14302884615384615 0.3245192307692308 0.2536057692307692 0.265625
0 0.3293269230769231 0.1778846153846154 0.23918269230769232 0.24278846153846154
0 0.5997596153846154 0.21153846153846154 0.2644230769230769 0.2764423076923077
0 0.8497596153846154 0.16346153846153846 0.20793269230769232 0.27163461538461536
0 0.40625 0.47475961538461536 0.23918269230769232 0.2932692307692308
0 0.6502403846153846 0.5288461538461539 0.24639423076923078 0.23677884615384615
0 0.8701923076923077 0.46033653846153844 0.2247596153846154 0.265625
0 0.4543269230769231 0.7992788461538461 0.24278846153846154 0.27163461538461536
0 0.6971153846153846 0.8052884615384616 0.21153846153846154 0.2932692307692308
0 0.8894230769230769 0.8112980769230769 0.1622596153846154 0.3161057692307692