0 0.021634615384615384 0.5324519230769231 0.04326923076923077 0.04927884615384615
0 0.0733173076923077 0.5300480769230769 0.039663461538461536 0.038461538461538464
0 0.125 0.5324519230769231 0.06850961538461539 0.07091346153846154
0 0.25240384615384615 0.5625 0.15625 0.13701923076923078
0 0.36778846153846156 0.5576923076923077 0.10216346153846154 0.109375
0 0.4579326923076923 0.5324519230769231 0.05048076923076923 0.038461538461538464
0 0.5180288461538461 0.5132211538461539 0.0733173076923077 0.06009615384615385
0 0.6177884615384616 0.5132211538461539 0.06490384615384616 0.04927884615384615
0 0.7151442307692307 0.5168269230769231 0.05048076923076923 0.038461538461538464
0 0.7848557692307693 0.5084134615384616 0.06129807692307692 0.054086538461538464
0 0.8485576923076923 0.5132211538461539 0.04326923076923077 0.038461538461538464
0 0.9326923076923077 0.5108173076923077 0.039663461538461536 0.038461538461538464