0 0.23076923076923078 0.20673076923076922 0.28966346153846156 0.1778846153846154
0 0.5384615384615384 0.19471153846153846 0.28125 0.19230769230769232
0 0.8197115384615384 0.18629807692307693 0.2512019230769231 0.21634615384615385
0 0.22596153846153846 0.4026442307692308 0.2776442307692308 0.1658653846153846
0 0.5240384615384616 0.3954326923076923 0.27163461538461536 0.15985576923076922
0 0.8028846153846154 0.40384615384615385 0.27524038461538464 0.171875
0 0.7740384615384616 0.7740384615384616 0.2668269230769231 0.21634615384615385
0 0.21634615384615385 0.5745192307692307 0.25721153846153844 0.15985576923076922
0 0.49158653846153844 0.5769230769230769 0.23317307692307693 0.18629807692307693
0 0.7680288461538461 0.5841346153846154 0.23918269230769232 0.17427884615384615
0 0.20432692307692307 0.7620192307692307 0.24278846153846154 0.18629807692307693
0 0.4831730769230769 0.7752403846153846 0.2776442307692308 0.1778846153846154