0 0.0733173076923077 0.7692307692307693 0.09014423076923077 0.23677884615384615
0 0.234375 0.8052884615384616 0.09735576923076923 0.24879807692307693
0 0.3076923076923077 0.6862980769230769 0.08052884615384616 0.15384615384615385
0 0.04326923076923077 0.5204326923076923 0.037259615384615384 0.036057692307692304
0 0.03485576923076923 0.5444711538461539 0.046875 0.040865384615384616
0 0.10336538461538461 0.5180288461538461 0.020432692307692308 0.040865384615384616
0 0.12740384615384615 0.5204326923076923 0.030048076923076924 0.036057692307692304
0 0.11177884615384616 0.5528846153846154 0.056490384615384616 0.052884615384615384
0 0.15504807692307693 0.546875 0.05048076923076923 0.046875
0 0.23197115384615385 0.5625 0.056490384615384616 0.046875
0 0.265625 0.5264423076923077 0.046875 0.030048076923076924
0 0.3173076923076923 0.5588942307692307 0.07692307692307693 0.06490384615384616
0 0.4495192307692308 0.5240384615384616 0.026442307692307692 0.02403846153846154
0 0.41466346153846156 0.5180288461538461 0.013221153846153846 0.02403846153846154
0 0.4014423076923077 0.5180288461538461 0.013221153846153846 0.030048076923076924
0 0.37259615384615385 0.5204326923076923 0.020432692307692308 0.02403846153846154
0 0.5865384615384616 0.5264423076923077 0.037259615384615384 0.036057692307692304
0 0.8413461538461539 0.5180288461538461 0.037259615384615384 0.040865384615384616
0 0.953125 0.5144230769230769 0.02283653846153846 0.030048076923076924
0 0.8377403846153846 0.7776442307692307 0.07692307692307693 0.24879807692307693
0 0.6971153846153846 0.5564903846153846 0.08052884615384616 0.07091346153846154
0 0.5552884615384616 0.8100961538461539 0.15745192307692307 0.2127403846153846
0 0.6201923076923077 0.7247596153846154 0.2776442307692308 0.34375