0 0.765625 0.21153846153846154 0.19110576923076922 0.1814903846153846
0 0.8918269230769231 0.49038461538461536 0.18389423076923078 0.2704326923076923
0 0.8882211538461539 0.16947115384615385 0.06490384615384616 0.078125
0 0.8737980769230769 0.23076923076923078 0.08653846153846154 0.07451923076923077
0 0.5841346153846154 0.14423076923076922 0.14903846153846154 0.078125
0 0.4543269230769231 0.13822115384615385 0.10697115384615384 0.07932692307692307
0 0.11057692307692307 0.1141826923076923 0.08533653846153846 0.05889423076923077
0 0.2620192307692308 0.12620192307692307 0.03125 0.06850961538461539
0 0.19230769230769232 0.11899038461538461 0.06129807692307692 0.06610576923076923
0 0.030048076923076924 0.1346153846153846 0.06009615384615385 0.10576923076923077
0 0.9819711538461539 0.1658653846153846 0.036057692307692304 0.07692307692307693
0 0.47596153846153844 0.5384615384615384 0.8918269230769231 0.7788461538461539