0 0.7512019230769231 0.4375 0.042067307692307696 0.016826923076923076
0 0.7836538461538461 0.43509615384615385 0.03245192307692308 0.013221153846153846
0 0.8317307692307693 0.43990384615384615 0.027644230769230768 0.021634615384615384
0 0.875 0.4375 0.03245192307692308 0.026442307692307692
0 0.7944711538461539 0.4567307692307692 0.055288461538461536 0.030048076923076924
0 0.703125 0.44350961538461536 0.03245192307692308 0.016826923076923076
0 0.9170673076923077 0.5324519230769231 0.055288461538461536 0.08653846153846154
0 0.8569711538461539 0.515625 0.078125 0.056490384615384616
0 0.5480769230769231 0.4951923076923077 0.05048076923076923 0.056490384615384616
0 0.5805288461538461 0.4639423076923077 0.06490384615384616 0.03485576923076923
0 0.4723557692307692 0.4483173076923077 0.018028846153846152 0.021634615384615384
0 0.4098557692307692 0.44591346153846156 0.037259615384615384 0.026442307692307692
0 0.3870192307692308 0.4326923076923077 0.027644230769230768 0.016826923076923076
0 0.3112980769230769 0.44350961538461536 0.02283653846153846 0.021634615384615384
0 0.19591346153846154 0.43509615384615385 0.02283653846153846 0.013221153846153846
0 0.16346153846153846 0.4375 0.018028846153846152 0.026442307692307692
0 0.11057692307692307 0.43990384615384615 0.02283653846153846 0.021634615384615384
0 0.020432692307692308 0.4423076923076923 0.03245192307692308 0.026442307692307692
0 0.35216346153846156 0.4651442307692308 0.06009615384615385 0.030048076923076924
0 0.24879807692307693 0.47596153846153844 0.0829326923076923 0.046875
0 0.35216346153846156 0.5132211538461539 0.1201923076923077 0.078125
0 0.4170673076923077 0.4951923076923077 0.0733173076923077 0.051682692307692304
0 0.5180288461538461 0.4735576923076923 0.06009615384615385 0.038461538461538464