0 0.1658653846153846 0.4651442307692308 0.14543269230769232 0.2692307692307692
0 0.03365384615384615 0.234375 0.040865384615384616 0.056490384615384616
0 0.2956730769230769 0.19951923076923078 0.05048076923076923 0.0625
0 0.38822115384615385 0.20673076923076922 0.06610576923076923 0.037259615384615384
0 0.4110576923076923 0.16826923076923078 0.06971153846153846 0.05048076923076923
0 0.59375 0.16826923076923078 0.025240384615384616 0.08774038461538461
0 0.75 0.1935096153846154 0.06370192307692307 0.0625
0 0.5060096153846154 0.19110576923076922 0.054086538461538464 0.05048076923076923
0 0.53125 0.1814903846153846 0.040865384615384616 0.04326923076923077
0 0.8197115384615384 0.25600961538461536 0.09134615384615384 0.08173076923076923
0 0.8581730769230769 0.140625 0.08173076923076923 0.09375
0 0.9603365384615384 0.3004807692307692 0.054086538461538464 0.06850961538461539
0 0.5300480769230769 0.2776442307692308 0.10817307692307693 0.09975961538461539
0 0.5348557692307693 0.3942307692307692 0.13942307692307693 0.17548076923076922
0 0.3641826923076923 0.5997596153846154 0.19951923076923078 0.3870192307692308
0 0.7199519230769231 0.640625 0.4495192307692308 0.5432692307692307
0 0.05889423076923077 0.046875 0.03485576923076923 0.04326923076923077
0 0.4266826923076923 0.027644230769230768 0.03125 0.03125