0 0.2644230769230769 0.22596153846153846 0.07451923076923077 0.0829326923076923
0 0.3557692307692308 0.2548076923076923 0.0889423076923077 0.0829326923076923
0 0.06009615384615385 0.5360576923076923 0.11899038461538461 0.2548076923076923
0 0.6358173076923077 0.9038461538461539 0.2848557692307692 0.19110576923076922
0 0.5492788461538461 0.6995192307692307 0.28846153846153844 0.38100961538461536
0 0.47475961538461536 0.3004807692307692 0.125 0.12860576923076922
0 0.5456730769230769 0.33413461538461536 0.10697115384615384 0.17307692307692307
0 0.6694711538461539 0.36658653846153844 0.10697115384615384 0.15625
0 0.8269230769230769 0.2644230769230769 0.027644230769230768 0.038461538461538464
0 0.6742788461538461 0.234375 0.07572115384615384 0.0889423076923077
0 0.7644230769230769 0.22235576923076922 0.04567307692307692 0.0673076923076923
0 0.8629807692307693 0.2439903846153846 0.037259615384615384 0.052884615384615384