0 0.09134615384615384 0.7163461538461539 0.1814903846153846 0.2512019230769231
0 0.22355769230769232 0.734375 0.09134615384615384 0.28365384615384615
0 0.39302884615384615 0.7427884615384616 0.11298076923076923 0.2620192307692308
0 0.6069711538461539 0.6502403846153846 0.046875 0.0985576923076923
0 0.5504807692307693 0.6502403846153846 0.06129807692307692 0.1141826923076923
0 0.49399038461538464 0.6394230769230769 0.05048076923076923 0.09254807692307693
0 0.4362980769230769 0.6502403846153846 0.06129807692307692 0.1141826923076923
0 0.3088942307692308 0.6442307692307693 0.05048076923076923 0.09254807692307693
0 0.265625 0.6442307692307693 0.046875 0.09254807692307693
0 0.8088942307692307 0.6502403846153846 0.0733173076923077 0.1310096153846154
0 0.6550480769230769 0.6442307692307693 0.04326923076923077 0.109375
0 0.7548076923076923 0.6586538461538461 0.039663461538461536 0.13701923076923078