0 0.09134615384615384 0.2620192307692308 0.04927884615384615 0.020432692307692308
0 0.12620192307692307 0.28725961538461536 0.04927884615384615 0.026442307692307692
0 0.14543269230769232 0.2980769230769231 0.04567307692307692 0.026442307692307692
0 0.13942307692307693 0.3389423076923077 0.07692307692307693 0.040865384615384616
0 0.2403846153846154 0.3425480769230769 0.08052884615384616 0.040865384615384616
0 0.23677884615384615 0.3161057692307692 0.06490384615384616 0.046875
0 0.21153846153846154 0.2668269230769231 0.03485576923076923 0.026442307692307692
0 0.17307692307692307 0.25961538461538464 0.038461538461538464 0.026442307692307692
0 0.6262019230769231 0.6189903846153846 0.24759615384615385 0.22235576923076922
0 0.8088942307692307 0.49278846153846156 0.15625 0.2127403846153846
0 0.6358173076923077 0.40625 0.08774038461538461 0.056490384615384616
0 0.5492788461538461 0.421875 0.06490384615384616 0.11899038461538461
0 0.3076923076923077 0.3137019230769231 0.07211538461538461 0.036057692307692304
0 0.7247596153846154 0.3605769230769231 0.052884615384615384 0.036057692307692304
0 0.7896634615384616 0.34975961538461536 0.038461538461538464 0.040865384615384616
0 0.9711538461538461 0.34975961538461536 0.052884615384615384 0.046875
0 0.6358173076923077 0.32091346153846156 0.038461538461538464 0.03125
0 0.5973557692307693 0.3233173076923077 0.038461538461538464 0.03125
0 0.7427884615384616 0.3161057692307692 0.04567307692307692 0.056490384615384616
0 0.43149038461538464 0.3786057692307692 0.08413461538461539 0.0985576923076923
0 0.36778846153846156 0.43028846153846156 0.13341346153846154 0.1502403846153846
0 0.37740384615384615 0.3137019230769231 0.04927884615384615 0.040865384615384616