0 0.038461538461538464 0.265625 0.07692307692307693 0.17307692307692307
0 0.5612980769230769 0.45072115384615385 0.4567307692307692 0.6478365384615384
0 0.08413461538461539 0.21634615384615385 0.019230769230769232 0.06129807692307692
0 0.12379807692307693 0.27524038461538464 0.06129807692307692 0.06129807692307692
0 0.8413461538461539 0.265625 0.042067307692307696 0.04927884615384615
0 0.31971153846153844 0.31490384615384615 0.07692307692307693 0.0673076923076923
0 0.17668269230769232 0.28966346153846156 0.057692307692307696 0.055288461538461536
0 0.3088942307692308 0.25 0.038461538461538464 0.055288461538461536
0 0.2704326923076923 0.17908653846153846 0.028846153846153848 0.03125
0 0.20793269230769232 0.15745192307692307 0.02283653846153846 0.018028846153846152
0 0.2439903846153846 0.18509615384615385 0.015625 0.025240384615384616
0 0.18870192307692307 0.25 0.07091346153846154 0.08653846153846154
0 0.2608173076923077 0.25 0.04807692307692308 0.09254807692307693
0 0.296875 0.18870192307692307 0.025240384615384616 0.04326923076923077
0 0.3581730769230769 0.203125 0.028846153846153848 0.03125
0 0.36177884615384615 0.2403846153846154 0.04447115384615385 0.03125
0 0.41586538461538464 0.2536057692307692 0.04807692307692308 0.13581730769230768
0 0.36778846153846156 0.27524038461538464 0.057692307692307696 0.04326923076923077
0 0.9675480769230769 0.25 0.03245192307692308 0.04927884615384615
0 0.9146634615384616 0.24639423076923078 0.051682692307692304 0.04927884615384615