0 0.125 0.15745192307692307 0.03365384615384615 0.05889423076923077
0 0.171875 0.16346153846153846 0.036057692307692304 0.06490384615384616
0 0.15384615384615385 0.1045673076923077 0.03365384615384615 0.039663461538461536
0 0.18389423076923078 0.11057692307692307 0.039663461538461536 0.039663461538461536
0 0.29927884615384615 0.09134615384615384 0.018028846153846152 0.039663461538461536
0 0.38341346153846156 0.3173076923076923 0.021634615384615384 0.09134615384615384
0 0.4074519230769231 0.10817307692307693 0.01201923076923077 0.04567307692307692
0 0.46033653846153844 0.22235576923076922 0.036057692307692304 0.07211538461538461
0 0.5552884615384616 0.359375 0.04567307692307692 0.0985576923076923
0 0.6370192307692307 0.3425480769230769 0.030048076923076924 0.08533653846153846
0 0.5709134615384616 0.1466346153846154 0.027644230769230768 0.05889423076923077
0 0.6322115384615384 0.21875 0.04807692307692308 0.08533653846153846