0 0.14783653846153846 0.4831730769230769 0.09615384615384616 0.17908653846153846
0 0.5360576923076923 0.3245192307692308 0.052884615384615384 0.07211538461538461
0 0.21754807692307693 0.6033653846153846 0.15264423076923078 0.34134615384615385
0 0.23317307692307693 0.4807692307692308 0.056490384615384616 0.18990384615384615
0 0.2932692307692308 0.46634615384615385 0.06370192307692307 0.19591346153846154
0 0.41947115384615385 0.5336538461538461 0.1778846153846154 0.27884615384615385
0 0.7824519230769231 0.6141826923076923 0.27403846153846156 0.4411057692307692
0 0.6514423076923077 0.28725961538461536 0.028846153846153848 0.04447115384615385
0 0.9471153846153846 0.28725961538461536 0.036057692307692304 0.04447115384615385
0 0.9831730769230769 0.28125 0.03365384615384615 0.04326923076923077
0 0.9663461538461539 0.3161057692307692 0.03245192307692308 0.055288461538461536
0 0.5528846153846154 0.29086538461538464 0.03245192307692308 0.039663461538461536
0 0.5252403846153846 0.28725961538461536 0.021634615384615384 0.03365384615384615
0 0.19951923076923078 0.2764423076923077 0.021634615384615384 0.027644230769230768
0 0.13701923076923078 0.29086538461538464 0.021634615384615384 0.03365384615384615
0 0.22956730769230768 0.2824519230769231 0.021634615384615384 0.03365384615384615
0 0.234375 0.31009615384615385 0.021634615384615384 0.04447115384615385
0 0.2512019230769231 0.29086538461538464 0.014423076923076924 0.03365384615384615