0 0.054086538461538464 0.4026442307692308 0.03125 0.025240384615384616
0 0.13942307692307693 0.3918269230769231 0.05048076923076923 0.046875
0 0.1201923076923077 0.41466346153846156 0.06129807692307692 0.036057692307692304
0 0.1814903846153846 0.3918269230769231 0.046875 0.036057692307692304
0 0.24519230769230768 0.4098557692307692 0.06129807692307692 0.025240384615384616
0 0.34375 0.3918269230769231 0.046875 0.036057692307692304
0 0.40384615384615385 0.3942307692307692 0.038461538461538464 0.03125
0 0.4362980769230769 0.41225961538461536 0.042067307692307696 0.025240384615384616
0 0.4675480769230769 0.3918269230769231 0.038461538461538464 0.036057692307692304
0 0.5408653846153846 0.3918269230769231 0.026442307692307692 0.036057692307692304
0 0.6646634615384616 0.4074519230769231 0.06129807692307692 0.036057692307692304
0 0.796875 0.453125 0.046875 0.07211538461538461
0 0.9399038461538461 0.45072115384615385 0.0733173076923077 0.06129807692307692
0 0.9783653846153846 0.49759615384615385 0.042067307692307696 0.040865384615384616
0 0.5949519230769231 0.41466346153846156 0.054086538461538464 0.03125
0 0.5949519230769231 0.41466346153846156 0.03125 0.07211538461538461
0 0.5504807692307693 0.49278846153846156 0.12379807692307693 0.06129807692307692
0 0.1466346153846154 0.6057692307692307 0.2932692307692308 0.29927884615384615
0 0.6887019230769231 0.484375 0.1045673076923077 0.10336538461538461
0 0.5480769230769231 0.7067307692307693 0.4831730769230769 0.35096153846153844
0 0.9399038461538461 0.7091346153846154 0.1201923076923077 0.18028846153846154