0 0.052884615384615384 0.39663461538461536 0.08413461538461539 0.06009615384615385
0 0.04927884615384615 0.5360576923076923 0.0985576923076923 0.2620192307692308
0 0.14543269230769232 0.5168269230769231 0.13822115384615385 0.2620192307692308
0 0.22716346153846154 0.4807692307692308 0.08413461538461539 0.22355769230769232
0 0.29086538461538464 0.4807692307692308 0.08052884615384616 0.1971153846153846
0 0.37259615384615385 0.5216346153846154 0.09495192307692307 0.27283653846153844
0 0.4651442307692308 0.5661057692307693 0.0985576923076923 0.3173076923076923
0 0.6478365384615384 0.6887019230769231 0.3605769230769231 0.4375
0 0.9050480769230769 0.47836538461538464 0.10576923076923077 0.06610576923076923
0 0.6141826923076923 0.42908653846153844 0.046875 0.09254807692307693
0 0.5288461538461539 0.4338942307692308 0.054086538461538464 0.07091346153846154
0 0.8197115384615384 0.4639423076923077 0.046875 0.1141826923076923
0 0.7704326923076923 0.4483173076923077 0.054086538461538464 0.0985576923076923
0 0.6850961538461539 0.4338942307692308 0.07692307692307693 0.09254807692307693