0 0.08413461538461539 0.6274038461538461 0.109375 0.23677884615384615
0 0.17307692307692307 0.6334134615384616 0.109375 0.19110576923076922
0 0.2644230769230769 0.6358173076923077 0.08533653846153846 0.18509615384615385
0 0.3269230769230769 0.6526442307692307 0.06129807692307692 0.16706730769230768
0 0.3786057692307692 0.6418269230769231 0.04807692307692308 0.21394230769230768
0 0.43990384615384615 0.6622596153846154 0.06850961538461539 0.20192307692307693
0 0.49158653846153844 0.6502403846153846 0.06850961538461539 0.17307692307692307
0 0.5709134615384616 0.6334134615384616 0.10697115384615384 0.24879807692307693
0 0.625 0.6358173076923077 0.051682692307692304 0.20192307692307693
0 0.6838942307692307 0.6442307692307693 0.07932692307692307 0.17307692307692307
0 0.7355769230769231 0.6526442307692307 0.04807692307692308 0.15625
0 0.8533653846153846 0.6526442307692307 0.19591346153846154 0.17908653846153846