0 0.07572115384615384 0.21634615384615385 0.08774038461538461 0.12860576923076922
0 0.25961538461538464 0.21995192307692307 0.08173076923076923 0.12139423076923077
0 0.078125 0.7463942307692307 0.08533653846153846 0.12139423076923077
0 0.25961538461538464 0.7463942307692307 0.08173076923076923 0.12139423076923077
0 0.3954326923076923 0.22355769230769232 0.08774038461538461 0.12139423076923077
0 0.5997596153846154 0.21995192307692307 0.08173076923076923 0.12139423076923077
0 0.4411057692307692 0.3581730769230769 0.08774038461538461 0.12139423076923077
0 0.5576923076923077 0.36538461538461536 0.07932692307692307 0.12139423076923077
0 0.5865384615384616 0.5408653846153846 0.08173076923076923 0.12139423076923077
0 0.4206730769230769 0.6622596153846154 0.08774038461538461 0.12139423076923077
0 0.4639423076923077 0.8040865384615384 0.09134615384615384 0.12139423076923077
0 0.5913461538461539 0.7632211538461539 0.07932692307692307 0.12139423076923077
0 0.7415865384615384 0.2091346153846154 0.08774038461538461 0.12860576923076922
0 0.7379807692307693 0.36177884615384615 0.08774038461538461 0.12139423076923077
0 0.8581730769230769 0.2764423076923077 0.07932692307692307 0.12860576923076922
0 0.9399038461538461 0.20552884615384615 0.08173076923076923 0.12860576923076922
0 0.8209134615384616 0.4362980769230769 0.08774038461538461 0.12860576923076922
0 0.7331730769230769 0.5336538461538461 0.08774038461538461 0.12860576923076922
0 0.9266826923076923 0.421875 0.07572115384615384 0.12139423076923077
0 0.7319711538461539 0.6995192307692307 0.08774038461538461 0.12139423076923077
0 0.8641826923076923 0.6754807692307693 0.08173076923076923 0.12139423076923077
0 0.9399038461538461 0.6418269230769231 0.08173076923076923 0.12139423076923077
0 0.7932692307692307 0.8173076923076923 0.09134615384615384 0.12139423076923077
0 0.9387019230769231 0.8040865384615384 0.08173076923076923 0.12860576923076922