0 0.25841346153846156 0.7271634615384616 0.28365384615384615 0.2127403846153846
0 0.15504807692307693 0.546875 0.046875 0.03245192307692308
0 0.234375 0.5276442307692307 0.057692307692307696 0.09254807692307693
0 0.31490384615384615 0.5769230769230769 0.1201923076923077 0.09254807692307693
0 0.5709134615384616 0.5901442307692307 0.17427884615384615 0.1310096153846154
0 0.7091346153846154 0.5324519230769231 0.109375 0.09254807692307693
0 0.6670673076923077 0.5060096153846154 0.11298076923076923 0.08173076923076923
0 0.8257211538461539 0.5276442307692307 0.06850961538461539 0.10336538461538461
0 0.9074519230769231 0.5168269230769231 0.057692307692307696 0.038461538461538464
0 0.9122596153846154 0.47836538461538464 0.025240384615384616 0.027644230769230768
0 0.9459134615384616 0.47596153846153844 0.028846153846153848 0.03245192307692308
0 0.9399038461538461 0.5024038461538461 0.025240384615384616 0.027644230769230768
0 0.5576923076923077 0.47836538461538464 0.039663461538461536 0.021634615384615384
0 0.5168269230769231 0.4831730769230769 0.028846153846153848 0.016826923076923076
0 0.32572115384615385 0.49158653846153844 0.0733173076923077 0.027644230769230768