0 0.19831730769230768 0.7079326923076923 0.0733173076923077 0.03485576923076923
0 0.3858173076923077 0.7331730769230769 0.09134615384615384 0.04807692307692308
0 0.3004807692307692 0.6899038461538461 0.054086538461538464 0.03485576923076923
0 0.390625 0.6730769230769231 0.036057692307692304 0.030048076923076924
0 0.3545673076923077 0.6394230769230769 0.03125 0.030048076923076924
0 0.2800480769230769 0.6358173076923077 0.040865384615384616 0.030048076923076924
0 0.12259615384615384 0.6418269230769231 0.04567307692307692 0.03485576923076923
0 0.4567307692307692 0.6550480769230769 0.02283653846153846 0.030048076923076924
0 0.5048076923076923 0.6814903846153846 0.04567307692307692 0.03485576923076923
0 0.5637019230769231 0.6502403846153846 0.05048076923076923 0.030048076923076924
0 0.6153846153846154 0.6502403846153846 0.036057692307692304 0.026442307692307692
0 0.7115384615384616 0.6418269230769231 0.04567307692307692 0.030048076923076924
0 0.6069711538461539 0.7163461538461539 0.08173076923076923 0.04807692307692308
0 0.7475961538461539 0.6742788461538461 0.08173076923076923 0.03485576923076923