0 0.042067307692307696 0.7800480769230769 0.08413461538461539 0.31009615384615385
0 0.06610576923076923 0.5745192307692307 0.09375 0.11658653846153846
0 0.22716346153846154 0.578125 0.09975961538461539 0.09134615384615384
0 0.27163461538461536 0.5600961538461539 0.15865384615384615 0.234375
0 0.20192307692307693 0.7283653846153846 0.23798076923076922 0.265625
0 0.3870192307692308 0.6346153846153846 0.09975961538461539 0.2932692307692308
0 0.4891826923076923 0.6346153846153846 0.12620192307692307 0.26802884615384615
0 0.46033653846153844 0.46153846153846156 0.109375 0.10817307692307693
0 0.5817307692307693 0.5504807692307693 0.12259615384615384 0.1346153846153846
0 0.5961538461538461 0.7079326923076923 0.06971153846153846 0.2512019230769231
0 0.6995192307692307 0.5721153846153846 0.08653846153846154 0.13822115384615385
0 0.6802884615384616 0.7728365384615384 0.1466346153846154 0.2920673076923077
0 0.9579326923076923 0.7560096153846154 0.0829326923076923 0.3004807692307692
0 0.8894230769230769 0.7223557692307693 0.09254807692307693 0.24278846153846154
0 0.8269230769230769 0.671875 0.11658653846153846 0.22355769230769232
0 0.20793269230769232 0.35697115384615385 0.08173076923076923 0.05048076923076923
0 0.15865384615384615 0.5108173076923077 0.07692307692307693 0.15144230769230768
0 0.07091346153846154 0.47475961538461536 0.0985576923076923 0.09735576923076923
0 0.8173076923076923 0.5649038461538461 0.15144230769230768 0.15264423076923078
0 0.7524038461538461 0.31971153846153844 0.13341346153846154 0.05048076923076923
0 0.8653846153846154 0.3245192307692308 0.12860576923076922 0.052884615384615384