0 0.47596153846153844 0.7728365384615384 0.36177884615384615 0.4543269230769231
0 0.47596153846153844 0.5516826923076923 0.18389423076923078 0.18990384615384615
0 0.4098557692307692 0.4074519230769231 0.14543269230769232 0.29447115384615385
0 0.5276442307692307 0.31850961538461536 0.07692307692307693 0.18389423076923078
0 0.2932692307692308 0.359375 0.06129807692307692 0.15985576923076922
0 0.21634615384615385 0.4050480769230769 0.07451923076923077 0.09254807692307693
0 0.6790865384615384 0.32572115384615385 0.06490384615384616 0.0673076923076923
0 0.21634615384615385 0.30649038461538464 0.036057692307692304 0.04326923076923077
0 0.7367788461538461 0.2764423076923077 0.07091346153846154 0.055288461538461536
0 0.6418269230769231 0.2548076923076923 0.036057692307692304 0.04927884615384615
0 0.8149038461538461 0.27283653846153844 0.051682692307692304 0.04927884615384615
0 0.1310096153846154 0.3798076923076923 0.09975961538461539 0.12259615384615384
0 0.8810096153846154 0.2608173076923077 0.036057692307692304 0.037259615384615384
0 0.34375 0.2704326923076923 0.042067307692307696 0.04927884615384615