0 0.33052884615384615 0.8305288461538461 0.47716346153846156 0.3389423076923077
0 0.8677884615384616 0.7079326923076923 0.234375 0.3161057692307692
0 0.8882211538461539 0.4387019230769231 0.04326923076923077 0.0889423076923077
0 0.7439903846153846 0.39663461538461536 0.06009615384615385 0.078125
0 0.5564903846153846 0.5168269230769231 0.07451923076923077 0.10576923076923077
0 0.6526442307692307 0.5805288461538461 0.04927884615384615 0.13942307692307693
0 0.4254807692307692 0.6358173076923077 0.06370192307692307 0.16706730769230768
0 0.31971153846153844 0.5528846153846154 0.056490384615384616 0.11057692307692307
0 0.2956730769230769 0.5300480769230769 0.04927884615384615 0.10576923076923077
0 0.38822115384615385 0.4891826923076923 0.04927884615384615 0.10576923076923077
0 0.8173076923076923 0.5 0.04326923076923077 0.0829326923076923
0 0.8329326923076923 0.37740384615384615 0.025240384615384616 0.055288461538461536
0 0.4411057692307692 0.47475961538461536 0.036057692307692304 0.04447115384615385
0 0.48197115384615385 0.5276442307692307 0.036057692307692304 0.12259615384615384
0 0.4375 0.5552884615384616 0.09254807692307693 0.12740384615384615
0 0.6586538461538461 0.5060096153846154 0.10336538461538461 0.13341346153846154