0 0.4338942307692308 0.4254807692307692 0.09254807692307693 0.6237980769230769
0 0.8545673076923077 0.4951923076923077 0.23197115384615385 0.703125
0 0.6382211538461539 0.5252403846153846 0.18389423076923078 0.6033653846153846
0 0.0829326923076923 0.24278846153846154 0.09735576923076923 0.3269230769230769
0 0.2800480769230769 0.22716346153846154 0.09254807692307693 0.25721153846153844
0 0.3581730769230769 0.24278846153846154 0.08653846153846154 0.25721153846153844
0 0.5264423076923077 0.35697115384615385 0.11538461538461539 0.43509615384615385
0 0.13942307692307693 0.20793269230769232 0.054086538461538464 0.2668269230769231
0 0.6081730769230769 0.203125 0.05889423076923077 0.13822115384615385
0 0.7463942307692307 0.16826923076923078 0.04447115384615385 0.109375
0 0.6622596153846154 0.1778846153846154 0.052884615384615384 0.0889423076923077
0 0.6286057692307693 0.11899038461538461 0.042067307692307696 0.06971153846153846
0 0.5144230769230769 0.12379807692307693 0.054086538461538464 0.07932692307692307
0 0.5793269230769231 0.12860576923076922 0.018028846153846152 0.0889423076923077