0 0.8617788461538461 0.4326923076923077 0.19230769230769232 0.44350961538461536
0 0.7019230769230769 0.2704326923076923 0.1310096153846154 0.23076923076923078
0 0.9819711538461539 0.3016826923076923 0.036057692307692304 0.20192307692307693
0 0.5204326923076923 0.4723557692307692 0.19951923076923078 0.5024038461538461
0 0.9074519230769231 0.21634615384615385 0.03125 0.11658653846153846
0 0.6057692307692307 0.22115384615384615 0.027644230769230768 0.09735576923076923
0 0.4519230769230769 0.22716346153846154 0.03245192307692308 0.1045673076923077
0 0.31850961538461536 0.3629807692307692 0.15985576923076922 0.5024038461538461
0 0.11177884615384616 0.3918269230769231 0.1045673076923077 0.4362980769230769
0 0.1466346153846154 0.22596153846153846 0.08774038461538461 0.1346153846153846
0 0.06490384615384616 0.5036057692307693 0.12860576923076922 0.6153846153846154