0 0.6995192307692307 0.7980769230769231 0.10216346153846154 0.11538461538461539
0 0.9158653846153846 0.6490384615384616 0.04927884615384615 0.0889423076923077
0 0.6201923076923077 0.6983173076923077 0.036057692307692304 0.052884615384615384
0 0.5372596153846154 0.8112980769230769 0.0625 0.11538461538461539
0 0.18629807692307693 0.8605769230769231 0.0625 0.07091346153846154
0 0.27283653846153844 0.8305288461538461 0.0625 0.06610576923076923
0 0.3401442307692308 0.8425480769230769 0.0625 0.07572115384615384
0 0.7151442307692307 0.6598557692307693 0.036057692307692304 0.0625
0 0.5973557692307693 0.7692307692307693 0.039663461538461536 0.08413461538461539
0 0.515625 0.7403846153846154 0.03125 0.057692307692307696
0 0.4423076923076923 0.7824519230769231 0.036057692307692304 0.08052884615384616
0 0.875 0.6045673076923077 0.026442307692307692 0.04447115384615385
0 0.484375 0.7716346153846154 0.039663461538461536 0.08052884615384616