0 0.15264423076923078 0.7127403846153846 0.06129807692307692 0.17908653846153846
0 0.6706730769230769 0.6478365384615384 0.08413461538461539 0.08052884615384616
0 0.23918269230769232 0.6670673076923077 0.06490384615384616 0.07451923076923077
0 0.2860576923076923 0.6454326923076923 0.055288461538461536 0.0985576923076923
0 0.5769230769230769 0.7007211538461539 0.057692307692307696 0.19110576923076922
0 0.4254807692307692 0.6478365384615384 0.07451923076923077 0.08653846153846154
0 0.515625 0.5925480769230769 0.08052884615384616 0.0673076923076923
0 0.5288461538461539 0.6610576923076923 0.038461538461538464 0.08653846153846154
0 0.484375 0.7247596153846154 0.08052884615384616 0.2283653846153846
0 0.7776442307692307 0.6262019230769231 0.07692307692307693 0.16105769230769232
0 0.7980769230769231 0.5865384615384616 0.06490384615384616 0.18509615384615385
0 0.9026442307692307 0.5961538461538461 0.14182692307692307 0.18509615384615385
0 0.9483173076923077 0.6538461538461539 0.10336538461538461 0.21033653846153846