0 0.6634615384615384 0.453125 0.11057692307692307 0.1310096153846154
0 0.7512019230769231 0.47475961538461536 0.06009615384615385 0.125
0 0.8305288461538461 0.5588942307692307 0.1201923076923077 0.25
0 0.9182692307692307 0.49399038461538464 0.10817307692307693 0.11298076923076923
0 0.9411057692307693 0.44350961538461536 0.056490384615384616 0.0625
0 0.4254807692307692 0.4098557692307692 0.07932692307692307 0.08774038461538461
0 0.4795673076923077 0.3786057692307692 0.0733173076923077 0.08173076923076923
0 0.36899038461538464 0.375 0.04447115384615385 0.07451923076923077
0 0.04326923076923077 0.38461538461538464 0.040865384615384616 0.09975961538461539
0 0.17067307692307693 0.5252403846153846 0.14903846153846154 0.2692307692307692
0 0.3701923076923077 0.6622596153846154 0.4266826923076923 0.4375
0 0.5456730769230769 0.39663461538461536 0.038461538461538464 0.06850961538461539