0 0.040865384615384616 0.6442307692307693 0.07451923076923077 0.09254807692307693
0 0.18389423076923078 0.6478365384615384 0.07091346153846154 0.09254807692307693
0 0.21634615384615385 0.6502403846153846 0.06129807692307692 0.08533653846153846
0 0.26322115384615385 0.6478365384615384 0.06129807692307692 0.08533653846153846
0 0.42427884615384615 0.6502403846153846 0.08052884615384616 0.08533653846153846
0 0.7319711538461539 0.6478365384615384 0.057692307692307696 0.08533653846153846
0 0.8257211538461539 0.6502403846153846 0.07692307692307693 0.09254807692307693
0 0.9110576923076923 0.6478365384615384 0.07091346153846154 0.07932692307692307
0 0.9663461538461539 0.6502403846153846 0.057692307692307696 0.08533653846153846
0 0.5324519230769231 0.6502403846153846 0.07692307692307693 0.08533653846153846
0 0.5853365384615384 0.6502403846153846 0.051682692307692304 0.09254807692307693