0 0.4254807692307692 0.6141826923076923 0.3076923076923077 0.24639423076923078
0 0.1814903846153846 0.41225961538461536 0.25 0.234375
0 0.7247596153846154 0.37740384615384615 0.19951923076923078 0.18629807692307693
0 0.8473557692307693 0.33653846153846156 0.07572115384615384 0.15865384615384615
0 0.7932692307692307 0.21875 0.09014423076923077 0.08173076923076923
0 0.6490384615384616 0.2403846153846154 0.11177884615384616 0.09254807692307693
0 0.5 0.19110576923076922 0.05048076923076923 0.07091346153846154
0 0.3245192307692308 0.24278846153846154 0.09014423076923077 0.1310096153846154
0 0.37259615384615385 0.13701923076923078 0.054086538461538464 0.07692307692307693
0 0.43509615384615385 0.15865384615384615 0.039663461538461536 0.06009615384615385
0 0.8677884615384616 0.21033653846153846 0.0829326923076923 0.07692307692307693
0 0.17067307692307693 0.11177884615384616 0.057692307692307696 0.04927884615384615
0 0.6310096153846154 0.13341346153846154 0.054086538461538464 0.06009615384615385
0 0.7067307692307693 0.19110576923076922 0.07932692307692307 0.07091346153846154
0 0.13221153846153846 0.15625 0.07932692307692307 0.06610576923076923
0 0.09375 0.1778846153846154 0.05048076923076923 0.0985576923076923
0 0.96875 0.1971153846153846 0.039663461538461536 0.06009615384615385
0 0.9867788461538461 0.21634615384615385 0.025240384615384616 0.04927884615384615
0 0.014423076923076924 0.13701923076923078 0.028846153846153848 0.07091346153846154
0 0.5829326923076923 0.13701923076923078 0.025240384615384616 0.04927884615384615
0 0.09375 0.109375 0.039663461538461536 0.04927884615384615
0 0.046875 0.10336538461538461 0.05048076923076923 0.04927884615384615