0 0.26322115384615385 0.7235576923076923 0.09735576923076923 0.1778846153846154
0 0.125 0.6177884615384616 0.0829326923076923 0.1201923076923077
0 0.3473557692307692 0.5949519230769231 0.0625 0.08653846153846154
0 0.5625 0.6610576923076923 0.06610576923076923 0.13221153846153846
0 0.7884615384615384 0.7271634615384616 0.1141826923076923 0.16105769230769232
0 0.8870192307692307 0.5829326923076923 0.08653846153846154 0.06370192307692307
0 0.7548076923076923 0.5829326923076923 0.03485576923076923 0.06370192307692307
0 0.6490384615384616 0.5685096153846154 0.03125 0.06370192307692307
0 0.515625 0.5805288461538461 0.055288461538461536 0.06850961538461539
0 0.4050480769230769 0.5516826923076923 0.04807692307692308 0.051682692307692304
0 0.2512019230769231 0.5661057692307693 0.06971153846153846 0.06850961538461539
0 0.16466346153846154 0.5576923076923077 0.05889423076923077 0.07451923076923077
0 0.46153846153846156 0.5637019230769231 0.03125 0.051682692307692304
0 0.7295673076923077 0.5348557692307693 0.03125 0.039663461538461536
0 0.7884615384615384 0.5372596153846154 0.03485576923076923 0.039663461538461536
0 0.8689903846153846 0.53125 0.03485576923076923 0.039663461538461536