0 0.3713942307692308 0.46274038461538464 0.34615384615384615 0.38341346153846156
0 0.7079326923076923 0.47836538461538464 0.11298076923076923 0.08774038461538461
0 0.8581730769230769 0.6262019230769231 0.14423076923076922 0.2824519230769231
0 0.5877403846153846 0.5120192307692307 0.10096153846153846 0.11298076923076923
0 0.9663461538461539 0.6274038461538461 0.0673076923076923 0.18269230769230768
0 0.6995192307692307 0.9338942307692307 0.19831730769230768 0.13221153846153846
0 0.44350961538461536 0.9338942307692307 0.29927884615384615 0.13221153846153846
0 0.9651442307692307 0.8894230769230769 0.06971153846153846 0.21995192307692307
0 0.19951923076923078 0.8389423076923077 0.39903846153846156 0.32211538461538464
0 0.20552884615384615 0.9086538461538461 0.22956730769230768 0.18269230769230768
0 0.3317307692307692 0.8305288461538461 0.17908653846153846 0.15745192307692307
0 0.5396634615384616 0.8461538461538461 0.17668269230769232 0.3076923076923077
0 0.5913461538461539 0.6286057692307693 0.2764423076923077 0.21995192307692307