0 0.7992788461538461 0.6995192307692307 0.15985576923076922 0.2403846153846154
0 0.9098557692307693 0.49158653846153844 0.09735576923076923 0.14182692307692307
0 0.6033653846153846 0.4483173076923077 0.05048076923076923 0.07692307692307693
0 0.36177884615384615 0.4338942307692308 0.05048076923076923 0.07091346153846154
0 0.14903846153846154 0.6394230769230769 0.12740384615384615 0.234375
0 0.15745192307692307 0.4699519230769231 0.06850961538461539 0.08173076923076923
0 0.08653846153846154 0.4338942307692308 0.07572115384615384 0.08173076923076923
0 0.4254807692307692 0.4423076923076923 0.021634615384615384 0.06610576923076923
0 0.03125 0.4675480769230769 0.06129807692307692 0.08173076923076923
0 0.6574519230769231 0.46153846153846156 0.039663461538461536 0.09254807692307693
0 0.6862980769230769 0.4723557692307692 0.054086538461538464 0.09254807692307693
0 0.2247596153846154 0.390625 0.021634615384615384 0.021634615384615384