0 0.3954326923076923 0.5709134615384616 0.17067307692307693 0.28846153846153844
0 0.25961538461538464 0.5612980769230769 0.06129807692307692 0.12259615384615384
0 0.20793269230769232 0.49399038461538464 0.07451923076923077 0.0733173076923077
0 0.13822115384615385 0.5096153846153846 0.038461538461538464 0.08533653846153846
0 0.07692307692307693 0.4110576923076923 0.07091346153846154 0.055288461538461536
0 0.4987980769230769 0.6201923076923077 0.09014423076923077 0.171875
0 0.5576923076923077 0.53125 0.04807692307692308 0.11057692307692307
0 0.6598557692307693 0.5576923076923077 0.12860576923076922 0.2704326923076923
0 0.4891826923076923 0.46033653846153844 0.11658653846153846 0.15985576923076922
0 0.7247596153846154 0.5 0.13221153846153846 0.1778846153846154
0 0.9230769230769231 0.6069711538461539 0.08653846153846154 0.09254807692307693
0 0.8112980769230769 0.5372596153846154 0.055288461538461536 0.07932692307692307