0 0.5528846153846154 0.8004807692307693 0.1310096153846154 0.1310096153846154
0 0.16346153846153846 0.734375 0.057692307692307696 0.054086538461538464
0 0.07692307692307693 0.7319711538461539 0.06129807692307692 0.06009615384615385
0 0.021634615384615384 0.7487980769230769 0.03245192307692308 0.054086538461538464
0 0.6959134615384616 0.7512019230769231 0.04326923076923077 0.08173076923076923
0 0.7295673076923077 0.7271634615384616 0.028846153846153848 0.06009615384615385
0 0.8713942307692307 0.7127403846153846 0.04326923076923077 0.03245192307692308
0 0.9495192307692307 0.7103365384615384 0.025240384615384616 0.038461538461538464
0 0.9290865384615384 0.6802884615384616 0.028846153846153848 0.03245192307692308
0 0.5240384615384616 0.7043269230769231 0.03245192307692308 0.04927884615384615
0 0.2668269230769231 0.7019230769230769 0.05048076923076923 0.04326923076923077
0 0.6394230769230769 0.6887019230769231 0.03245192307692308 0.038461538461538464
0 0.47115384615384615 0.6935096153846154 0.036057692307692304 0.03245192307692308