0 0.8798076923076923 0.5588942307692307 0.08533653846153846 0.051682692307692304
0 0.9170673076923077 0.43028846153846156 0.08052884615384616 0.0673076923076923
0 0.859375 0.22956730769230768 0.06971153846153846 0.09254807692307693
0 0.7512019230769231 0.4170673076923077 0.06129807692307692 0.07211538461538461
0 0.7451923076923077 0.5540865384615384 0.06610576923076923 0.051682692307692304
0 0.6430288461538461 0.09495192307692307 0.08052884615384616 0.0673076923076923
0 0.5829326923076923 0.17067307692307693 0.06971153846153846 0.0673076923076923
0 0.4735576923076923 0.2548076923076923 0.046875 0.10817307692307693
0 0.47716346153846156 0.6009615384615384 0.057692307692307696 0.07211538461538461
0 0.5504807692307693 0.6911057692307693 0.07692307692307693 0.036057692307692304
0 0.38221153846153844 0.7391826923076923 0.05048076923076923 0.07211538461538461
0 0.24519230769230768 0.29086538461538464 0.03485576923076923 0.0829326923076923
0 0.36658653846153844 0.3449519230769231 0.0733173076923077 0.056490384615384616
0 0.4014423076923077 0.41225961538461536 0.06971153846153846 0.056490384615384616
0 0.33774038461538464 0.5180288461538461 0.06971153846153846 0.06129807692307692
0 0.3317307692307692 0.6009615384615384 0.0733173076923077 0.046875
0 0.22596153846153846 0.5384615384615384 0.057692307692307696 0.07211538461538461
0 0.3016826923076923 0.6802884615384616 0.05048076923076923 0.09735576923076923
0 0.2800480769230769 0.7572115384615384 0.0733173076923077 0.0673076923076923
0 0.1346153846153846 0.8245192307692307 0.057692307692307696 0.0673076923076923
0 0.4014423076923077 0.12379807692307693 0.0733173076923077 0.040865384615384616
0 0.3401442307692308 0.12620192307692307 0.05048076923076923 0.07211538461538461
0 0.1310096153846154 0.6983173076923077 0.046875 0.051682692307692304