0 0.39302884615384615 0.6742788461538461 0.1778846153846154 0.2620192307692308
0 0.22235576923076922 0.5925480769230769 0.1346153846153846 0.20793269230769232
0 0.5432692307692307 0.5384615384615384 0.1310096153846154 0.1201923076923077
0 0.5348557692307693 0.4639423076923077 0.08413461538461539 0.07091346153846154
0 0.6983173076923077 0.7019230769230769 0.40024038461538464 0.37740384615384615
0 0.9074519230769231 0.4807692307692308 0.046875 0.06009615384615385
0 0.7896634615384616 0.44591346153846156 0.08052884615384616 0.054086538461538464
0 0.8161057692307693 0.3737980769230769 0.07692307692307693 0.06610576923076923
0 0.10336538461538461 0.42908653846153844 0.036057692307692304 0.038461538461538464
0 0.3329326923076923 0.4098557692307692 0.039663461538461536 0.038461538461538464
0 0.5913461538461539 0.39302884615384615 0.025240384615384616 0.07692307692307693
0 0.7235576923076923 0.4098557692307692 0.057692307692307696 0.04927884615384615
0 0.5168269230769231 0.40384615384615385 0.04326923076923077 0.04326923076923077
0 0.41225961538461536 0.41225961538461536 0.054086538461538464 0.054086538461538464
0 0.47115384615384615 0.39302884615384615 0.05048076923076923 0.03245192307692308