0 0.5048076923076923 0.5528846153846154 0.03245192307692308 0.06129807692307692
0 0.3870192307692308 0.5528846153846154 0.09014423076923077 0.0673076923076923
0 0.2956730769230769 0.5805288461538461 0.04807692307692308 0.07451923076923077
0 0.5913461538461539 0.5829326923076923 0.051682692307692304 0.12379807692307693
0 0.7091346153846154 0.5925480769230769 0.07451923076923077 0.14182692307692307
0 0.9567307692307693 0.5673076923076923 0.051682692307692304 0.12980769230769232
0 0.8725961538461539 0.5745192307692307 0.09014423076923077 0.11778846153846154
0 0.6430288461538461 0.5769230769230769 0.0673076923076923 0.1045673076923077
0 0.09495192307692307 0.5649038461538461 0.09975961538461539 0.06129807692307692
0 0.18509615384615385 0.53125 0.042067307692307696 0.037259615384615384
0 0.2247596153846154 0.5276442307692307 0.03245192307692308 0.037259615384615384