0 0.8365384615384616 0.6069711538461539 0.109375 0.14182692307692307
0 0.6237980769230769 0.5901442307692307 0.19230769230769232 0.15264423076923078
0 0.09134615384615384 0.5132211538461539 0.1814903846153846 0.21875
0 0.9182692307692307 0.5168269230769231 0.06490384615384616 0.07091346153846154
0 0.4230769230769231 0.5384615384615384 0.14182692307692307 0.14783653846153846
0 0.25841346153846156 0.4639423076923077 0.057692307692307696 0.054086538461538464
0 0.7271634615384616 0.49759615384615385 0.021634615384615384 0.06610576923076923
0 0.6322115384615384 0.49158653846153844 0.07692307692307693 0.06610576923076923
0 0.15625 0.39903846153846156 0.04326923076923077 0.04927884615384615
0 0.7740384615384616 0.5024038461538461 0.057692307692307696 0.054086538461538464
0 0.8197115384615384 0.49759615384615385 0.05048076923076923 0.04326923076923077
0 0.5144230769230769 0.46153846153846156 0.057692307692307696 0.027644230769230768
0 0.20673076923076922 0.546875 0.08774038461538461 0.15264423076923078