0 0.20793269230769232 0.7776442307692307 0.15745192307692307 0.24639423076923078
0 0.39663461538461536 0.8064903846153846 0.14903846153846154 0.2536057692307692
0 0.6875 0.8137019230769231 0.1971153846153846 0.23918269230769232
0 0.5504807692307693 0.6201923076923077 0.0985576923076923 0.0985576923076923
0 0.3449519230769231 0.6514423076923077 0.08173076923076923 0.1622596153846154
0 0.21153846153846154 0.5913461538461539 0.07932692307692307 0.1201923076923077
0 0.5901442307692307 0.7644230769230769 0.1346153846153846 0.31009615384615385
0 0.8425480769230769 0.75 0.08413461538461539 0.20432692307692307
0 0.9735576923076923 0.6334134615384616 0.04807692307692308 0.11298076923076923
0 0.2764423076923077 0.5492788461538461 0.05048076923076923 0.07692307692307693
0 0.026442307692307692 0.53125 0.04447115384615385 0.08413461538461539
0 0.015625 0.6201923076923077 0.03125 0.10576923076923077
0 0.7956730769230769 0.6201923076923077 0.09254807692307693 0.10576923076923077
0 0.125 0.5985576923076923 0.0673076923076923 0.12620192307692307