0 0.14903846153846154 0.7475961538461539 0.04567307692307692 0.10817307692307693
0 0.5168269230769231 0.8449519230769231 0.11298076923076923 0.27163461538461536
0 0.5973557692307693 0.7632211538461539 0.04567307692307692 0.17067307692307693
0 0.765625 0.6899038461538461 0.038461538461538464 0.08533653846153846
0 0.4110576923076923 0.6935096153846154 0.04326923076923077 0.10096153846153846
0 0.265625 0.7367788461538461 0.03125 0.11658653846153846
0 0.8269230769230769 0.6862980769230769 0.03125 0.08533653846153846
0 0.04326923076923077 0.7283653846153846 0.027644230769230768 0.12379807692307693
0 0.7956730769230769 0.6237980769230769 0.020432692307692308 0.054086538461538464
0 0.18509615384615385 0.6862980769230769 0.020432692307692308 0.0625
0 0.2091346153846154 0.6778846153846154 0.018028846153846152 0.054086538461538464
0 0.546875 0.6478365384615384 0.020432692307692308 0.0625