0 0.15985576923076922 0.17548076923076922 0.18990384615384615 0.2848557692307692
0 0.1658653846153846 0.5096153846153846 0.21995192307692307 0.25240384615384615
0 0.030048076923076924 0.71875 0.038461538461538464 0.09254807692307693
0 0.49399038461538464 0.17668269230769232 0.21153846153846154 0.27884615384615385
0 0.8161057692307693 0.1778846153846154 0.125 0.25240384615384615
0 0.5048076923076923 0.4891826923076923 0.27163461538461536 0.21754807692307693
0 0.765625 0.5420673076923077 0.1045673076923077 0.08653846153846154
0 0.8257211538461539 0.48677884615384615 0.30288461538461536 0.1971153846153846
0 0.15625 0.8293269230769231 0.17307692307692307 0.2668269230769231
0 0.1658653846153846 0.8485576923076923 0.09735576923076923 0.22235576923076922
0 0.5180288461538461 0.8100961538461539 0.17908653846153846 0.2283653846153846
0 0.421875 0.7487980769230769 0.11057692307692307 0.1466346153846154
0 0.7620192307692307 0.8209134615384616 0.18509615384615385 0.3004807692307692
0 0.8473557692307693 0.8978365384615384 0.14423076923076922 0.09735576923076923
0 0.4519230769230769 0.9290865384615384 0.10817307692307693 0.057692307692307696
0 0.5012019230769231 0.5384615384615384 0.12379807692307693 0.10576923076923077