0 0.796875 0.7451923076923077 0.06610576923076923 0.13942307692307693
0 0.6598557692307693 0.5673076923076923 0.06971153846153846 0.08774038461538461
0 0.5384615384615384 0.8509615384615384 0.16947115384615385 0.24759615384615385
0 0.26802884615384615 0.6033653846153846 0.054086538461538464 0.06129807692307692
0 0.3701923076923077 0.6550480769230769 0.07692307692307693 0.07692307692307693
0 0.125 0.6189903846153846 0.042067307692307696 0.07211538461538461
0 0.0673076923076923 0.6598557692307693 0.042067307692307696 0.0829326923076923
0 0.1935096153846154 0.5649038461538461 0.054086538461538464 0.10817307692307693
0 0.5096153846153846 0.5132211538461539 0.06971153846153846 0.06129807692307692
0 0.3701923076923077 0.5048076923076923 0.057692307692307696 0.056490384615384616
0 0.5168269230769231 0.5793269230769231 0.06610576923076923 0.06129807692307692
0 0.7524038461538461 0.48677884615384615 0.046875 0.07692307692307693
0 0.5793269230769231 0.5973557692307693 0.05048076923076923 0.07211538461538461