0 0.8028846153846154 0.578125 0.32211538461538464 0.07692307692307693
0 0.7536057692307693 0.43509615384615385 0.109375 0.054086538461538464
0 0.3473557692307692 0.5360576923076923 0.2512019230769231 0.09495192307692307
0 0.16706730769230768 0.5240384615384616 0.109375 0.08052884615384616
0 0.32572115384615385 0.4362980769230769 0.0985576923076923 0.039663461538461536
0 0.5709134615384616 0.5144230769230769 0.09254807692307693 0.08413461538461539
0 0.47836538461538464 0.4579326923076923 0.09254807692307693 0.054086538461538464
0 0.41225961538461536 0.4326923076923077 0.04927884615384615 0.036057692307692304
0 0.06610576923076923 0.44711538461538464 0.10336538461538461 0.046875
0 0.26802884615384615 0.46875 0.08173076923076923 0.028846153846153848
0 0.34375 0.4723557692307692 0.1141826923076923 0.036057692307692304
0 0.9074519230769231 0.42908653846153844 0.054086538461538464 0.04326923076923077