0 0.03365384615384615 0.5420673076923077 0.06610576923076923 0.11057692307692307
0 0.5132211538461539 0.5757211538461539 0.07572115384615384 0.07091346153846154
0 0.7560096153846154 0.5805288461538461 0.026442307692307692 0.0625
0 0.6225961538461539 0.578125 0.06610576923076923 0.0625
0 0.25961538461538464 0.5576923076923077 0.052884615384615384 0.07091346153846154
0 0.8737980769230769 0.5841346153846154 0.04447115384615385 0.07091346153846154
0 0.9182692307692307 0.5961538461538461 0.036057692307692304 0.07572115384615384
0 0.7932692307692307 0.578125 0.03125 0.04447115384615385
0 0.9867788461538461 0.5961538461538461 0.026442307692307692 0.052884615384615384
0 0.4423076923076923 0.5600961538461539 0.036057692307692304 0.07572115384615384
0 0.37740384615384615 0.5625 0.09735576923076923 0.06610576923076923
0 0.3112980769230769 0.5552884615384616 0.036057692307692304 0.08052884615384616