0 0.16466346153846154 0.7896634615384616 0.18269230769230768 0.4182692307692308
0 0.3786057692307692 0.7295673076923077 0.11057692307692307 0.48677884615384615
0 0.49038461538461536 0.6105769230769231 0.12980769230769232 0.3762019230769231
0 0.5552884615384616 0.9579326923076923 0.17307692307692307 0.08413461538461539
0 0.7151442307692307 0.8810096153846154 0.23317307692307693 0.23798076923076922
0 0.8137019230769231 0.8233173076923077 0.23557692307692307 0.3161057692307692
0 0.8737980769230769 0.7151442307692307 0.16826923076923078 0.3004807692307692
0 0.4423076923076923 0.2668269230769231 0.08533653846153846 0.12139423076923077
0 0.6442307692307693 0.25961538461538464 0.10216346153846154 0.10817307692307693
0 0.7331730769230769 0.27884615384615385 0.10096153846153846 0.13221153846153846
0 0.8028846153846154 0.22235576923076922 0.036057692307692304 0.037259615384615384
0 0.8617788461538461 0.27283653846153844 0.04326923076923077 0.08533653846153846
0 0.9567307692307693 0.33413461538461536 0.06009615384615385 0.0673076923076923
0 0.9699519230769231 0.27884615384615385 0.03125 0.04447115384615385
0 0.8461538461538461 0.21514423076923078 0.020432692307692308 0.04567307692307692