0 0.15985576923076922 0.7451923076923077 0.06009615384615385 0.0625
0 0.2980769230769231 0.7427884615384616 0.056490384615384616 0.04567307692307692
0 0.3942307692307692 0.7199519230769231 0.027644230769230768 0.03365384615384615
0 0.4230769230769231 0.7367788461538461 0.04927884615384615 0.028846153846153848
0 0.42788461538461536 0.7151442307692307 0.03125 0.039663461538461536
0 0.47836538461538464 0.7199519230769231 0.038461538461538464 0.039663461538461536
0 0.49158653846153844 0.7487980769230769 0.03125 0.028846153846153848
0 0.5144230769230769 0.7319711538461539 0.04567307692307692 0.03365384615384615
0 0.5913461538461539 0.7199519230769231 0.04567307692307692 0.039663461538461536
0 0.6430288461538461 0.7403846153846154 0.052884615384615384 0.03365384615384615
0 0.7608173076923077 0.734375 0.042067307692307696 0.056490384615384616
0 0.8137019230769231 0.7487980769230769 0.07451923076923077 0.05048076923076923
0 0.890625 0.7199519230769231 0.04567307692307692 0.03365384615384615