0 0.25600961538461536 0.32211538461538464 0.13822115384615385 0.09735576923076923
0 0.421875 0.32211538461538464 0.15985576923076922 0.08052884615384616
0 0.5889423076923077 0.32211538461538464 0.14182692307692307 0.08052884615384616
0 0.7487980769230769 0.32211538461538464 0.1466346153846154 0.07572115384615384
0 0.2512019230769231 0.43509615384615385 0.13822115384615385 0.07572115384615384
0 0.421875 0.43509615384615385 0.13341346153846154 0.08052884615384616
0 0.5865384615384616 0.4375 0.14182692307692307 0.0889423076923077
0 0.7463942307692307 0.43509615384615385 0.13341346153846154 0.07572115384615384
0 0.2536057692307692 0.5576923076923077 0.14182692307692307 0.10216346153846154
0 0.41947115384615385 0.5576923076923077 0.15144230769230768 0.0889423076923077
0 0.5865384615384616 0.5576923076923077 0.13822115384615385 0.08413461538461539
0 0.7536057692307693 0.5552884615384616 0.12860576923076922 0.07572115384615384
0 0.24639423076923078 0.6730769230769231 0.12860576923076922 0.06610576923076923
0 0.41947115384615385 0.6730769230769231 0.125 0.07572115384615384
0 0.5889423076923077 0.6730769230769231 0.13341346153846154 0.08413461538461539
0 0.7487980769230769 0.6754807692307693 0.07572115384615384 0.09735576923076923