0 0.6165865384615384 0.7007211538461539 0.5661057692307693 0.5348557692307693
0 0.9098557692307693 0.6634615384615384 0.18028846153846154 0.5625
0 0.9675480769230769 0.3701923076923077 0.06490384615384616 0.04326923076923077
0 0.7704326923076923 0.35697115384615385 0.0625 0.040865384615384616
0 0.5384615384615384 0.43149038461538464 0.15264423076923078 0.10096153846153846
0 0.4963942307692308 0.3641826923076923 0.0625 0.046875
0 0.5576923076923077 0.3701923076923077 0.052884615384615384 0.046875
0 0.6069711538461539 0.3701923076923077 0.03365384615384615 0.046875
0 0.078125 0.5048076923076923 0.15625 0.19951923076923078
0 0.1502403846153846 0.546875 0.20793269230769232 0.28125
0 0.2403846153846154 0.3701923076923077 0.040865384615384616 0.06009615384615385
0 0.3629807692307692 0.43990384615384615 0.057692307692307696 0.11057692307692307
0 0.2860576923076923 0.4855769230769231 0.0829326923076923 0.21875
0 0.20793269230769232 0.3954326923076923 0.0733173076923077 0.04807692307692308
0 0.6730769230769231 0.4423076923076923 0.2403846153846154 0.08052884615384616