0 0.3245192307692308 0.6274038461538461 0.5420673076923077 0.59375
0 0.8641826923076923 0.3112980769230769 0.039663461538461536 0.03245192307692308
0 0.6911057692307693 0.31490384615384615 0.06370192307692307 0.038461538461538464
0 0.6177884615384616 0.3173076923076923 0.037259615384615384 0.08413461538461539
0 0.6177884615384616 0.31971153846153844 0.05889423076923077 0.030048076923076924
0 0.5637019230769231 0.2932692307692308 0.021634615384615384 0.04807692307692308
0 0.4879807692307692 0.2932692307692308 0.039663461538461536 0.04326923076923077
0 0.45552884615384615 0.3137019230769231 0.046875 0.030048076923076924
0 0.41947115384615385 0.29447115384615385 0.042067307692307696 0.04326923076923077
0 0.2536057692307692 0.3161057692307692 0.06129807692307692 0.030048076923076924
0 0.35697115384615385 0.2956730769230769 0.04807692307692308 0.040865384615384616
0 0.056490384615384616 0.30408653846153844 0.03485576923076923 0.027644230769230768
0 0.14543269230769232 0.2980769230769231 0.052884615384615384 0.06129807692307692
0 0.18990384615384615 0.2932692307692308 0.04447115384615385 0.04326923076923077
0 0.11177884615384616 0.3269230769230769 0.05889423076923077 0.027644230769230768
0 0.13221153846153846 0.3112980769230769 0.04807692307692308 0.036057692307692304