0 0.7860576923076923 0.4579326923076923 0.42788461538461536 0.37259615384615385
0 0.6586538461538461 0.4807692307692308 0.3485576923076923 0.3918269230769231
0 0.5637019230769231 0.47836538461538464 0.39903846153846156 0.41225961538461536
0 0.5048076923076923 0.6322115384615384 0.0829326923076923 0.21514423076923078
0 0.39663461538461536 0.421875 0.12740384615384615 0.20552884615384615
0 0.3425480769230769 0.5901442307692307 0.11298076923076923 0.20793269230769232
0 0.3076923076923077 0.46274038461538464 0.12860576923076922 0.20072115384615385
0 0.23798076923076922 0.5528846153846154 0.11658653846153846 0.23317307692307693
0 0.2620192307692308 0.6286057692307693 0.09615384615384616 0.15985576923076922
0 0.1814903846153846 0.6153846153846154 0.04567307692307692 0.14182692307692307
0 0.21995192307692307 0.6658653846153846 0.04567307692307692 0.08533653846153846