0 0.0889423076923077 0.5805288461538461 0.1141826923076923 0.28966346153846156
0 0.17908653846153846 0.5432692307692307 0.0733173076923077 0.24519230769230768
0 0.31971153846153844 0.6935096153846154 0.26322115384615385 0.29927884615384615
0 0.39903846153846156 0.8665865384615384 0.42427884615384615 0.2668269230769231
0 0.6502403846153846 0.9134615384615384 0.2439903846153846 0.17307692307692307
0 0.7487980769230769 0.8533653846153846 0.27283653846153844 0.28966346153846156
0 0.6298076923076923 0.7139423076923077 0.24519230769230768 0.203125
0 0.6646634615384616 0.6021634615384616 0.18990384615384615 0.30649038461538464
0 0.8293269230769231 0.6045673076923077 0.14302884615384615 0.29086538461538464
0 0.8798076923076923 0.4362980769230769 0.0889423076923077 0.15264423076923078
0 0.734375 0.24639423076923078 0.05889423076923077 0.055288461538461536