0 0.7728365384615384 0.296875 0.1346153846153846 0.15625
0 0.7115384615384616 0.46274038461538464 0.09254807692307693 0.15985576923076922
0 0.828125 0.6346153846153846 0.11778846153846154 0.3389423076923077
0 0.6983173076923077 0.7079326923076923 0.15865384615384615 0.2439903846153846
0 0.6298076923076923 0.8509615384615384 0.1466346153846154 0.2980769230769231
0 0.59375 0.4519230769230769 0.09134615384615384 0.16947115384615385
0 0.5036057692307693 0.4639423076923077 0.14543269230769232 0.10336538461538461
0 0.4543269230769231 0.5877403846153846 0.18269230769230768 0.25600961538461536
0 0.30649038461538464 0.6430288461538461 0.1502403846153846 0.32572115384615385
0 0.3942307692307692 0.8064903846153846 0.20072115384615385 0.20192307692307693
0 0.17427884615384615 0.7668269230769231 0.15865384615384615 0.23197115384615385
0 0.17908653846153846 0.6310096153846154 0.10697115384615384 0.21514423076923078
0 0.0985576923076923 0.5252403846153846 0.051682692307692304 0.09615384615384616
0 0.19110576923076922 0.43149038461538464 0.09495192307692307 0.13701923076923078
0 0.43149038461538464 0.28966346153846156 0.08052884615384616 0.11177884615384616
0 0.5036057692307693 0.26322115384615385 0.06129807692307692 0.07692307692307693
0 0.28725961538461536 0.4387019230769231 0.054086538461538464 0.09975961538461539
0 0.31009615384615385 0.3870192307692308 0.039663461538461536 0.1201923076923077
0 0.13942307692307693 0.40625 0.055288461538461536 0.0829326923076923