0 0.7716346153846154 0.2920673076923077 0.13341346153846154 0.15264423076923078
0 0.7127403846153846 0.45913461538461536 0.09014423076923077 0.15745192307692307
0 0.828125 0.6334134615384616 0.1141826923076923 0.33533653846153844
0 0.6670673076923077 0.7079326923076923 0.20673076923076922 0.2403846153846154
0 0.6346153846153846 0.8509615384615384 0.14783653846153846 0.2932692307692308
0 0.3942307692307692 0.8076923076923077 0.20552884615384615 0.20072115384615385
0 0.4579326923076923 0.5877403846153846 0.17668269230769232 0.2536057692307692
0 0.5961538461538461 0.45072115384615385 0.09134615384615384 0.17427884615384615
0 0.5024038461538461 0.4579326923076923 0.14182692307692307 0.09375
0 0.30528846153846156 0.625 0.15264423076923078 0.2980769230769231
0 0.1778846153846154 0.7536057692307693 0.16706730769230768 0.25841346153846156
0 0.1875 0.6225961538461539 0.125 0.23557692307692307
0 0.19110576923076922 0.5192307692307693 0.1141826923076923 0.1971153846153846
0 0.29086538461538464 0.4338942307692308 0.052884615384615384 0.10817307692307693
0 0.4338942307692308 0.28125 0.0829326923076923 0.1141826923076923
0 0.5036057692307693 0.2548076923076923 0.052884615384615384 0.05889423076923077
0 0.30649038461538464 0.38341346153846156 0.04567307692307692 0.12139423076923077
0 0.1875 0.42427884615384615 0.09615384615384616 0.12379807692307693
0 0.10096153846153846 0.5180288461538461 0.057692307692307696 0.0985576923076923
0 0.13942307692307693 0.39663461538461536 0.05889423076923077 0.0829326923076923